[gd_scene load_steps=6 format=2]

[ext_resource path="res://scripts/Planet.gd" type="Script" id=1]
[ext_resource path="res://assets/planet_stuff/Icosphere.mesh" type="ArrayMesh" id=2]
[ext_resource path="res://assets/planet_stuff/Planet.tres" type="Material" id=3]
[ext_resource path="res://assets/planet_stuff/Space_env.tres" type="Environment" id=4]

[sub_resource type="Animation" id=1]
length = 8.0
loop = true
tracks/0/type = "value"
tracks/0/path = NodePath("Position3D:rotation_degrees")
tracks/0/interp = 1
tracks/0/loop_wrap = true
tracks/0/imported = false
tracks/0/enabled = true
tracks/0/keys = {
"times": PoolRealArray( 0, 8 ),
"transitions": PoolRealArray( 1, 1 ),
"update": 0,
"values": [ Vector3( 0, 0, 0 ), Vector3( 0, 359, 0 ) ]
}

[node name="Planet" type="Viewport"]
size = Vector2( 100, 100 )
script = ExtResource( 1 )

[node name="MeshInstance" type="MeshInstance" parent="."]
mesh = ExtResource( 2 )
material/0 = ExtResource( 3 )

[node name="AnimationPlayer" type="AnimationPlayer" parent="."]
anims/roate = SubResource( 1 )

[node name="Position3D" type="Position3D" parent="."]
transform = Transform( 0.97431, 0, -0.225211, 0, 1, 0, 0.225211, 0, 0.97431, 0, 0, 0 )

[node name="Camera" type="Camera" parent="Position3D"]
transform = Transform( 1, 0, 0, 0, 0.860101, 0.510123, 0, -0.510123, 0.860102, 0.0351784, 2.1877, 3.70504 )
projection = 1
fov = 77.2106
size = 4.0

[node name="WorldEnvironment" type="WorldEnvironment" parent="."]
environment = ExtResource( 4 )

[node name="DirectionalLight" type="DirectionalLight" parent="WorldEnvironment"]
transform = Transform( 1, 0, 0, 0, 0.740511, 0.672044, 0, -0.672044, 0.740511, 0, 5.24169, 5.21873 )
light_color = Color( 0.423529, 0.423529, 0.423529, 1 )
